p 120 4

3014
2989
2775
2742
2706
2645
2527
2446
2385
2332
2297
2296
2289
2244
2237
2126
2045
1980
1958
1958
1891
1880
1821
1770
1760
1747
1715
1699
1553
1492
1464
1463
1437
1415
1255
1224
1202
1199
1150
1101
1100
1065
1065
1034
975
970
946
897
858
843
833
821
810
805
793
761
716
678
655
580
571
564
555
548
548
545
543
536
534
510
510
502
499
495
489
484
483
477
472
471
459
452
450
433
406
403
396
396
393
388
383
374
356
327
326
318
299
286
271
264
263
260
251
175
160
156
152
149
127
108
107
99
56
32
24
19
14
14
14
9
