p 217 7

2974
2952
2799
2790
2770
2589
2555
2516
2421
2401
2355
2354
2185
2171
2159
2120
2115
2010
1932
1889
1823
1802
1762
1732
1718
1705
1655
1653
1631
1412
1388
1369
1363
1289
1249
1221
1218
1182
1179
1171
1164
1147
1132
1121
1082
1072
1059
1052
1035
986
984
954
899
889
875
869
864
845
838
812
809
774
768
754
742
738
730
712
709
681
677
633
627
615
608
607
597
567
556
546
545
541
530
522
521
517
500
487
469
456
445
445
430
428
426
417
415
407
400
395
393
382
368
367
365
351
347
343
343
334
329
329
325
317
300
295
293
292
287
280
280
279
277
275
269
269
265
253
252
243
241
239
231
228
227
221
217
217
217
212
209
193
190
184
178
170
163
161
157
156
141
138
128
128
127
126
118
118
117
116
116
115
110
109
104
103
102
99
98
94
93
93
82
74
73
73
71
71
67
57
56
51
50
48
48
45
45
40
30
27
24
23
22
19
14
12
11
10
9
9
7
6
6
5
5
5
4
4
4
4
4
4
4
3
3
3
2
